===========  ===============  ================  ================  ===============  ===========  =========  =============  =====================  ===========================  ========  ==========  ======================
level         true_negative    false_positive    false_negative    true_positive    precision     recall    specificity    false_omission_rate    negative_predictive_value        f1    fall_out    false_discovery_rate
===========  ===============  ================  ================  ===============  ===========  =========  =============  =====================  ===========================  ========  ==========  ======================
1.62653e-49        0.0021978        0.369231           0                0.628571      0.629792  1             0.00487805              0                             1         0.772104  0.995122                0.370208
3.44249e-11        0.0505495        0.320879           0                0.628571      0.661888  1             0.131573                0                             1         0.795977  0.868427                0.338112
1.57928e-08        0.101099         0.27033            0                0.628571      0.69928   1             0.272972                0                             1         0.822214  0.727028                0.30072
5.87704e-06        0.151648         0.21978            0                0.628571      0.741465  1             0.411062                0                             1         0.850511  0.588938                0.258535
0.000442699        0.2              0.171429           0                0.628571      0.786078  1             0.54011                 0                             1         0.879376  0.45989                 0.213922
0.00382399         0.250549         0.120879           0                0.628571      0.839318  1             0.675824                0                             1         0.911851  0.324176                0.160682
0.0975063          0.296703         0.0747253          0.0043956        0.624176      0.895883  0.993331      0.794825                0.01625                       0.98375   0.941301  0.205175                0.104117
0.401456           0.331868         0.0395604          0.0175824        0.610989      0.942478  0.971273      0.88973                 0.0481622                     0.951838  0.955813  0.11027                 0.0575218
0.819738           0.362637         0.00879121         0.0373626        0.591209      0.985902  0.93964       0.975319                0.0918333                     0.908167  0.961882  0.0246814               0.0140977
0.904527           0.367033         0.0043956          0.0835165        0.545055      0.99259   0.864397      0.987868                0.180897                      0.819103  0.922718  0.0121324               0.00740995
0.946996           0.369231         0.0021978          0.131868         0.496703      0.996154  0.786247      0.994118                0.257418                      0.742582  0.875994  0.00588235              0.00384615
0.978512           0.369231         0.0021978          0.18022          0.448352      0.996     0.709326      0.994118                0.320038                      0.679962  0.823386  0.00588235              0.004
0.984869           0.369231         0.0021978          0.230769         0.397802      0.995652  0.630941      0.994118                0.378845                      0.621155  0.766867  0.00588235              0.00434783
0.991128           0.369231         0.0021978          0.281319         0.347253      0.994872  0.5517        0.994118                0.430561                      0.569439  0.706024  0.00588235              0.00512821
0.994368           0.371429         0                  0.327473         0.301099      1         0.477692      1                       0.469047                      0.530953  0.644864  0                       0
0.99614            0.371429         0                  0.378022         0.250549      1         0.397381      1                       0.505334                      0.494666  0.567743  0                       0
0.998057           0.371429         0                  0.428571         0.2           1         0.317077      1                       0.536313                      0.463687  0.479749  0                       0
0.998623           0.371429         0                  0.476923         0.151648      1         0.241591      1                       0.562464                      0.437536  0.388608  0                       0
0.999328           0.371429         0                  0.527473         0.101099      1         0.161605      1                       0.586663                      0.413337  0.277306  0                       0
0.999644           0.371429         0                  0.578022         0.0505495     1         0.0808181     1                       0.608754                      0.391246  0.148987  0                       0
0.999998           0.371429         0                  0.628571         0           nan         0             1                       0.628571                      0.371429  0         0                     nan
===========  ===============  ================  ================  ===============  ===========  =========  =============  =====================  ===========================  ========  ==========  ======================
